345
9732 0

6112 0

2631 0

1478 0

8408 0

3597 0

4255 0

1764 0

5172 0

1670 0

5294 0

5065 0

1401 0

4271 0

5006 0

1542 0

9582 0

2595 0

7197 0

5287 0

6910 0

2829 0

8696 0

3169 0

9692 0

2935 0

9487 0

9806 0

7901 0

1598 0

3454 0

7815 0

9294 0

1424 0

2493 0

661 0

7358 0

1133 0

5280 0

2995 0

2644 0

8407 0

1750 0

5036 0

8046 0

904 0

2643 0

4401 0

8728 0

2560 0

1364 0

1949 0

9029 0

1606 0

5311 0

5621 0

2830 0

5763 0

4188 0

3928 0

3340 0

4951 0

4139 0

4275 0

9530 0

6727 0

4513 0

3015 0

2611 0

251 20
42139 36247 41394 30980 2436 28038 36245 51726 88034 49704 43465 56930 68948 380 42849 6156 16364 30613 80354 96369 
6977 0

5747 0

6134 0

7339 0

6712 0

7219 0

417 0

9242 0

9619 0

8834 0

1537 0

7218 0

9647 0

8385 0

2054 0

9717 0

6193 0

4433 0

2468 0

5337 0

2664 0

6017 0

1962 0

7834 0

976 0

5928 0

8301 0

3523 0

6008 0

1561 0

6836 0

2384 0

5239 0

7833 0

8839 0

7412 0

9937 0

8806 0

7709 0

6185 0

5053 0

6832 0

8736 0

7287 0

4413 0

2442 0

2929 0

5197 0

9985 0

7389 0

9583 0

7484 0

972 0

1340 0

6020 0

6468 0

9269 0

1420 0

1262 0

7988 0

974 0

8922 0

6464 0

6715 0

5628 0

8750 0

1215 0

9847 0

7380 0

1465 0

165 19
70232 77458 56855 28355 37089 6338 82111 76135 81958 78600 57068 71402 78531 77356 91426 51720 33518 88798 29967 
9060 0

6550 0

5639 0

7050 0

3038 0

5608 0

875 0

6258 0

5272 0

6588 0

9636 0

6497 0

5469 0

9618 0

8093 0

1692 0

3301 0

4241 0

264 20
73181 32309 59053 19188 58244 88161 99300 92154 51971 49444 43906 12083 22244 68055 99607 33829 25941 49927 26064 69178 
7164 0

5724 0

333 20
14167 66077 85210 54340 26728 17375 65703 77281 16094 98009 629 56452 42018 2253 22979 83552 28898 66274 43130 56312 
1065 0

9980 0

6871 0

8531 0

3629 0

7793 0

3445 0

4646 0

9359 0

1356 0

5654 0

2253 0

2195 0

1590 0

3240 0

4871 0

7072 0

9800 0

6370 0

3050 0

4388 0

2044 0

3120 0

4713 0

532 0

2943 0

1132 0

1959 0

5878 0

1721 0

6688 0

7533 0

2235 0

3525 0

8384 0

1071 0

7223 0

836 0

8679 0

401 0

8530 0

2269 0

3313 0

3428 0

5091 0

9101 0

2140 0

2047 0

4758 0

8139 0

3764 0

2590 0

1708 0

751 0

5730 0

9836 0

7088 0

2610 0

6976 0

7454 0

5917 0

8931 0

8903 0

1557 0

3940 0

6213 0

3130 0

8397 0

7984 0

1551 0

6079 0

2394 0

5503 0

4473 0

6656 0

9221 0

1743 0

6913 0

2274 0

4717 0

2892 0

4073 0

7922 0

4855 0

8181 0

3250 0

993 0

1453 0

6897 0

6236 0

5873 0

1045 0

7512 0

349 0

7078 0

3406 0

1985 0

3320 0

7843 0

9821 0

9275 0

4286 0

8591 0

4074 0

8493 0

5551 0

7920 0

7438 0

5971 0

8910 0

6636 0

8738 0

684 0

1584 0

6416 0

8366 0

1899 0

6979 0

9200 0

5604 0

6215 0

9855 0

5687 0

9733 0

4457 0

9775 0

627 0

416 0

1737 0

2115 0

2541 0

5348 0

4705 0

2737 0

7731 0

1349 0

3854 0

8791 0

9027 0

1432 0

5555 0

4535 0

5771 0

8587 0

6644 0

7104 0

7281 0

7259 0

2548 0

7839 0

7491 0

7075 0

7201 0

9751 0

2783 0

7293 0

8005 0

5635 0

7511 0

5853 0

6025 0

6253 0

8226 0

5851 0

1201 0

2339 0

4924 0

5523 0

2297 0

7327 0

6241 0

8124 0

9829 0

3679 0

7308 0

4592 0

4138 0

8887 0

2652 0

7819 0

1348 0

2 18
16023 35387 7100 96619 11192 81548 85500 99122 70281 88815 2833 86566 29805 70856 9041 95109 81874 59105 
